n <-30
mean <-565.6
std <- 697

